ARRAYLIST n = 10
10
3600
360
1
9300
9300
LINKEDLIST n = 10
10
15100
1510
1
26500
26500
ARRAYLIST n = 100
100
37600
376
10
60700
6070
LINKEDLIST n = 100
100
84300
843
10
126700
12670
ARRAYLIST n = 1000
1000
259600
259
100
334500
3345
LINKEDLIST n = 1000
1000
388400
388
100
1345400
13454
ARRAYLIST n = 10000
10000
2099700
209
1000
4226300
4226
LINKEDLIST n = 10000
10000
2355700
235
1000
55598300
55598
ARRAYLIST n = 100000
100000
13411200
134
10000
86219800
8621
LINKEDLIST n = 100000
100000
13061200
130
10000
13925810500
1392581
